DIFF SIZES!
HK: 10
B: 9
**********************************************

0 0 0 0 0 0 0 0 0 0 1 0 0 1 0 0 0 0 0 0
0 0 0 0 0 0 0 0 0 0 0 1 0 0 0 0 0 0 0 0
0 0 0 0 0 0 0 0 0 0 0 0 1 0 0 0 0 0 0 0
0 0 0 0 0 0 0 0 0 0 0 0 0 1 0 0 1 1 0 0
0 0 0 0 0 0 0 0 0 0 1 1 0 1 1 1 0 1 0 0
0 0 0 0 0 0 0 0 0 0 0 0 0 0 0 1 0 0 0 0
0 0 0 0 0 0 0 0 0 0 0 0 1 0 0 0 1 0 0 0
0 0 0 0 0 0 0 0 0 0 1 0 0 1 0 0 0 1 0 0
0 0 0 0 0 0 0 0 0 0 0 0 1 0 0 0 0 0 1 0
0 0 0 0 0 0 0 0 0 0 0 0 0 0 1 0 0 0 0 1
1 0 0 0 1 0 0 1 0 0 0 0 0 0 0 0 0 0 0 0
0 1 0 0 1 0 0 0 0 0 0 0 0 0 0 0 0 0 0 0
0 0 1 0 0 0 1 0 1 0 0 0 0 0 0 0 0 0 0 0
1 0 0 1 1 0 0 1 0 0 0 0 0 0 0 0 0 0 0 0
0 0 0 0 1 0 0 0 0 1 0 0 0 0 0 0 0 0 0 0
0 0 0 0 1 1 0 0 0 0 0 0 0 0 0 0 0 0 0 0
0 0 0 1 0 0 1 0 0 0 0 0 0 0 0 0 0 0 0 0
0 0 0 1 1 0 0 1 0 0 0 0 0 0 0 0 0 0 0 0
0 0 0 0 0 0 0 0 1 0 0 0 0 0 0 0 0 0 0 0
0 0 0 0 0 0 0 0 0 1 0 0 0 0 0 0 0 0 0 0

**********************************************

Bipartitions:
(  0    1    2    3    4    5    6    7    8    9  ) , (  10    11    12    13    14    15    16    17    18    19  )

**********************************************

(10)-----1-----(7)
(16)-----1-----(3)
(15)-----1-----(4)
(16)-----1-----(6)
(18)-----1-----(8)
(12)-----1-----(2)
(13)-----1-----(3)
(17)-----1-----(4)
(10)-----1-----(4)
(11)-----1-----(1)
(14)-----1-----(4)
(12)-----1-----(6)
(17)-----1-----(7)
(17)-----1-----(3)
(10)-----1-----(0)
(15)-----1-----(5)
(13)-----1-----(7)
(12)-----1-----(8)
(13)-----1-----(0)
(11)-----1-----(4)
(13)-----1-----(4)
(14)-----1-----(9)
(19)-----1-----(9)

**********************************************
[(0)-----1-----(10), (5)-----1-----(15), (8)-----1-----(18), (9)-----1-----(14), (3)-----1-----(17), (2)-----1-----(12), (4)-----1-----(13), (1)-----1-----(11), (6)-----1-----(16)]
